[gd_scene load_steps=12 format=3 uid="uid://b3ntnuvrvys63"]

[ext_resource type="Script" uid="uid://2x2o4sni7v6q" path="res://main.gd" id="1_1bvp3"]
[ext_resource type="PackedScene" uid="uid://d2nt6gtj5g3cm" path="res://attack.tscn" id="2_kek77"]
[ext_resource type="Environment" uid="uid://oc0251grk5l0" path="res://new_environment.tres" id="2_lquwl"]
[ext_resource type="PackedScene" uid="uid://duje032qpuq2" path="res://ui.tscn" id="3_272bh"]
[ext_resource type="PackedScene" uid="uid://b1yehhqyw2nfo" path="res://target.tscn" id="5_5vw27"]
[ext_resource type="PackedScene" uid="uid://bpf2dmre1y8t0" path="res://obstacle_placement.tscn" id="7_kek77"]
[ext_resource type="PackedScene" uid="uid://cyp50ln3gbmtt" path="res://enemy_spawner.tscn" id="8_kek77"]

[sub_resource type="NavigationMesh" id="NavigationMesh_ig7tw"]
vertices = PackedVector3Array(17.8745, 0.5, -345.732, -335.375, 0.5, 7.26849, 17.3745, 0.5, 360.268, 17.8745, 0.5, 360.268, 370.625, 0.5, 7.51849, 370.625, 0.5, 7.01849)
polygons = [PackedInt32Array(5, 4, 0), PackedInt32Array(0, 4, 3), PackedInt32Array(0, 3, 2), PackedInt32Array(0, 2, 1)]
agent_radius = 2.0

[sub_resource type="PlaneMesh" id="PlaneMesh_0xm2m"]
size = Vector2(500, 500)

[sub_resource type="BoxShape3D" id="BoxShape3D_272bh"]
size = Vector3(500, 1, 500)

[sub_resource type="Environment" id="Environment_272bh"]

[node name="Main" type="Node3D"]
script = ExtResource("1_1bvp3")
camera_move_speed = 25.0

[node name="Attack" parent="." instance=ExtResource("2_kek77")]
damage_amount = 1

[node name="UI" parent="." instance=ExtResource("3_272bh")]

[node name="Camera3D" type="Camera3D" parent="."]
transform = Transform3D(-4.37114e-08, 0.707107, -0.707107, 0, 0.707107, 0.707107, 1, 3.09086e-08, -3.09086e-08, -7, 40, 7)
environment = ExtResource("2_lquwl")
projection = 1
fov = 58.3
size = 100.0

[node name="DirectionalLight3D" type="DirectionalLight3D" parent="."]
transform = Transform3D(0.866025, -0.25, 0.433013, 2.18557e-08, 0.866025, 0.5, -0.5, -0.433013, 0.75, 3, 3, 4)

[node name="NavigationRegion3D" type="NavigationRegion3D" parent="."]
navigation_mesh = SubResource("NavigationMesh_ig7tw")

[node name="Ground" type="MeshInstance3D" parent="NavigationRegion3D"]
transform = Transform3D(0.707107, 0, -0.707107, 0, 1, 0, 0.707107, 0, 0.707107, 17.678, 0, 7.322)
mesh = SubResource("PlaneMesh_0xm2m")

[node name="StaticBody3D" type="StaticBody3D" parent="NavigationRegion3D/Ground"]
collision_layer = 17

[node name="CollisionShape3D" type="CollisionShape3D" parent="NavigationRegion3D/Ground/StaticBody3D"]
transform = Transform3D(1, 0, 0, 0, 1, 0, 0, 0, 1, 0, -0.5, 0)
shape = SubResource("BoxShape3D_272bh")

[node name="Target" parent="." instance=ExtResource("5_5vw27")]
transform = Transform3D(0.707107, 0, -0.707107, 0, 1, 0, 0.707107, 0, 0.707107, -15.5563, 2, 40.5564)

[node name="EnemySpawner" parent="." instance=ExtResource("8_kek77")]
transform = Transform3D(1, 0, 0, 0, 1, 0, 0, 0, 1, 190, 0, -25)

[node name="WorldEnvironment" type="WorldEnvironment" parent="."]
environment = SubResource("Environment_272bh")

[node name="EnemyRayCast3D" type="RayCast3D" parent="."]
enabled = false
collision_mask = 4

[node name="ObstaclePlacement" parent="." instance=ExtResource("7_kek77")]

[connection signal="rebake_navigation_mesh" from="ObstaclePlacement" to="." method="rebake_navigation_mesh"]
